6.193387533879940454e-01 4.605177786874568024e-01 8.890162488799532858e-02 8.739012459127497301e-02 8.733633021727876811e-02 1.000000000000000000e+00 0.000000000000000000e+00 0.000000000000000000e+00 0.000000000000000000e+00 0.000000000000000000e+00 5.500000000000000444e-01 5.000000000000000000e-01 5.000000000000000000e-01 5.000000000000000000e-01 5.000000000000000000e-01
6.092693654147551818e-01 6.989897965264972868e-01 9.704543360406631125e-02 9.648071589669626746e-02 8.796974956408724899e-02 1.000000000000000000e+00 1.000000000000000000e+00 0.000000000000000000e+00 0.000000000000000000e+00 0.000000000000000000e+00 6.000000000000000888e-01 5.500000000000000444e-01 5.000000000000000000e-01 5.000000000000000000e-01 5.000000000000000000e-01
7.227651534326656746e-01 7.352239344617297334e-01 1.007877649971330725e-01 9.514236284560563528e-02 8.897126633043984933e-02 1.000000000000000000e+00 1.000000000000000000e+00 0.000000000000000000e+00 0.000000000000000000e+00 0.000000000000000000e+00 6.500000000000001332e-01 6.000000000000000888e-01 5.000000000000000000e-01 5.000000000000000000e-01 5.000000000000000000e-01
7.607015232573890451e-01 7.356153516631802614e-01 8.152706222870645392e-02 1.044846285009624620e-01 9.604171378480115540e-02 1.000000000000000000e+00 1.000000000000000000e+00 0.000000000000000000e+00 0.000000000000000000e+00 0.000000000000000000e+00 7.000000000000001776e-01 6.500000000000001332e-01 5.000000000000000000e-01 5.000000000000000000e-01 5.000000000000000000e-01
7.879528384009710784e-01 7.357777108095873153e-01 9.260642263647131389e-02 9.058541812273596117e-02 1.051151403205120571e-01 1.000000000000000000e+00 1.000000000000000000e+00 0.000000000000000000e+00 0.000000000000000000e+00 0.000000000000000000e+00 7.500000000000002220e-01 7.000000000000001776e-01 5.000000000000000000e-01 5.000000000000000000e-01 5.000000000000000000e-01
8.008197811768696939e-01 7.363390520606598599e-01 9.303840159386339570e-02 9.836066371776780448e-02 1.043007149448991200e-01 1.000000000000000000e+00 1.000000000000000000e+00 0.000000000000000000e+00 0.000000000000000000e+00 0.000000000000000000e+00 8.000000000000002665e-01 7.500000000000002220e-01 5.000000000000000000e-01 5.000000000000000000e-01 5.000000000000000000e-01
8.139282102725603485e-01 7.563997296944086068e-01 9.334041312064593476e-02 9.645856183140830153e-02 9.684715262826991411e-02 1.000000000000000000e+00 1.000000000000000000e+00 0.000000000000000000e+00 0.000000000000000000e+00 0.000000000000000000e+00 8.500000000000003109e-01 8.000000000000002665e-01 5.000000000000000000e-01 5.000000000000000000e-01 5.000000000000000000e-01
8.180636365610449712e-01 7.628332439277643040e-01 8.836642976475950206e-02 9.090725491166763705e-02 9.314201205579192289e-02 0.000000000000000000e+00 0.000000000000000000e+00 0.000000000000000000e+00 0.000000000000000000e+00 0.000000000000000000e+00 8.500000000000003109e-01 8.000000000000002665e-01 5.000000000000000000e-01 5.000000000000000000e-01 5.000000000000000000e-01
8.218753114843742047e-01 7.731227253665997612e-01 8.898205676656578689e-02 9.192286697530734074e-02 8.670852320454106033e-02 0.000000000000000000e+00 0.000000000000000000e+00 0.000000000000000000e+00 0.000000000000000000e+00 0.000000000000000000e+00 8.500000000000003109e-01 8.000000000000002665e-01 5.000000000000000000e-01 5.000000000000000000e-01 5.000000000000000000e-01
8.348722888075872373e-01 7.931208867358365833e-01 8.867571648875442747e-02 9.117614160103566789e-02 8.532307774000724709e-02 0.000000000000000000e+00 0.000000000000000000e+00 0.000000000000000000e+00 0.000000000000000000e+00 0.000000000000000000e+00 8.500000000000003109e-01 8.000000000000002665e-01 5.000000000000000000e-01 5.000000000000000000e-01 5.000000000000000000e-01
8.398237301126664223e-01 8.009000658143419216e-01 8.965376019806044205e-02 9.056803265376203727e-02 8.402534750654747087e-02 0.000000000000000000e+00 1.000000000000000000e+00 0.000000000000000000e+00 0.000000000000000000e+00 0.000000000000000000e+00 8.500000000000003109e-01 8.500000000000003109e-01 5.000000000000000000e-01 5.000000000000000000e-01 5.000000000000000000e-01
8.494090059231365064e-01 8.042444013933583991e-01 8.875283295775247827e-02 9.035882589740446003e-02 8.364066671757716676e-02 0.000000000000000000e+00 0.000000000000000000e+00 0.000000000000000000e+00 0.000000000000000000e+00 0.000000000000000000e+00 8.500000000000003109e-01 8.500000000000003109e-01 5.000000000000000000e-01 5.000000000000000000e-01 5.000000000000000000e-01
8.530812517263776096e-01 8.075309645113225576e-01 8.857238674552972424e-02 9.065805710429283848e-02 8.262338936785078303e-02 1.000000000000000000e+00 0.000000000000000000e+00 0.000000000000000000e+00 0.000000000000000000e+00 0.000000000000000000e+00 9.000000000000003553e-01 8.500000000000003109e-01 5.000000000000000000e-01 5.000000000000000000e-01 5.000000000000000000e-01
8.532686640593800664e-01 8.193627713176665495e-01 8.928996379761176827e-02 8.862110282937002426e-02 8.697619628452622764e-02 0.000000000000000000e+00 0.000000000000000000e+00 0.000000000000000000e+00 0.000000000000000000e+00 0.000000000000000000e+00 9.000000000000003553e-01 8.500000000000003109e-01 5.000000000000000000e-01 5.000000000000000000e-01 5.000000000000000000e-01
8.551569314371105790e-01 8.237773024879770922e-01 8.938282558011403922e-02 8.879948597436466973e-02 8.623140259494033177e-02 0.000000000000000000e+00 0.000000000000000000e+00 0.000000000000000000e+00 0.000000000000000000e+00 0.000000000000000000e+00 9.000000000000003553e-01 8.500000000000003109e-01 5.000000000000000000e-01 5.000000000000000000e-01 5.000000000000000000e-01
8.607364719245838014e-01 8.319990140794759625e-01 9.158186200842764746e-02 8.747716426921066379e-02 8.913778883647489881e-02 0.000000000000000000e+00 0.000000000000000000e+00 0.000000000000000000e+00 0.000000000000000000e+00 0.000000000000000000e+00 9.000000000000003553e-01 8.500000000000003109e-01 5.000000000000000000e-01 5.000000000000000000e-01 5.000000000000000000e-01
8.628168084056084819e-01 8.355265194814631702e-01 9.068321272011274636e-02 8.473941965474253435e-02 8.704521650973946756e-02 0.000000000000000000e+00 0.000000000000000000e+00 0.000000000000000000e+00 0.000000000000000000e+00 0.000000000000000000e+00 9.000000000000003553e-01 8.500000000000003109e-01 5.000000000000000000e-01 5.000000000000000000e-01 5.000000000000000000e-01
8.650138404112314161e-01 8.388234424226622687e-01 9.121591892647512578e-02 8.549347879135646422e-02 8.567560237383844979e-02 0.000000000000000000e+00 0.000000000000000000e+00 0.000000000000000000e+00 0.000000000000000000e+00 0.000000000000000000e+00 9.000000000000003553e-01 8.500000000000003109e-01 5.000000000000000000e-01 5.000000000000000000e-01 5.000000000000000000e-01
8.691755474183198160e-01 8.455809325474676896e-01 9.226240157692537636e-02 8.563950028589632779e-02 8.721325795987747154e-02 0.000000000000000000e+00 0.000000000000000000e+00 0.000000000000000000e+00 0.000000000000000000e+00 0.000000000000000000e+00 9.000000000000003553e-01 8.500000000000003109e-01 5.000000000000000000e-01 5.000000000000000000e-01 5.000000000000000000e-01
8.708907781813263194e-01 8.487244470932999718e-01 8.894947656914481415e-02 8.573239263330595383e-02 8.727810064427686532e-02 0.000000000000000000e+00 0.000000000000000000e+00 0.000000000000000000e+00 0.000000000000000000e+00 0.000000000000000000e+00 9.000000000000003553e-01 8.500000000000003109e-01 5.000000000000000000e-01 5.000000000000000000e-01 5.000000000000000000e-01
8.742789860365666188e-01 8.544631917145133482e-01 9.083195892217753309e-02 8.520811687395105083e-02 8.656376116722337699e-02 0.000000000000000000e+00 1.000000000000000000e+00 0.000000000000000000e+00 0.000000000000000000e+00 0.000000000000000000e+00 9.000000000000003553e-01 9.000000000000003553e-01 5.000000000000000000e-01 5.000000000000000000e-01 5.000000000000000000e-01
8.756637945157673686e-01 8.542966626426756749e-01 9.204030087347145339e-02 8.590935019290206476e-02 8.723878765423948023e-02 0.000000000000000000e+00 0.000000000000000000e+00 0.000000000000000000e+00 0.000000000000000000e+00 0.000000000000000000e+00 9.000000000000003553e-01 9.000000000000003553e-01 5.000000000000000000e-01 5.000000000000000000e-01 5.000000000000000000e-01
8.782113440257240944e-01 8.560034552358731785e-01 9.314023267766539937e-02 8.773314716150182324e-02 8.723808298861918109e-02 0.000000000000000000e+00 0.000000000000000000e+00 0.000000000000000000e+00 0.000000000000000000e+00 0.000000000000000000e+00 9.000000000000003553e-01 9.000000000000003553e-01 5.000000000000000000e-01 5.000000000000000000e-01 5.000000000000000000e-01
8.793873611874944984e-01 8.573126228078287170e-01 9.217185150646982350e-02 8.781490969944362457e-02 8.787904685600271548e-02 0.000000000000000000e+00 0.000000000000000000e+00 0.000000000000000000e+00 0.000000000000000000e+00 0.000000000000000000e+00 9.000000000000003553e-01 9.000000000000003553e-01 5.000000000000000000e-01 5.000000000000000000e-01 5.000000000000000000e-01
8.817366614210360165e-01 8.612744070101817639e-01 9.056621017846015753e-02 8.480576057539711277e-02 9.019363829371793151e-02 0.000000000000000000e+00 0.000000000000000000e+00 0.000000000000000000e+00 0.000000000000000000e+00 0.000000000000000000e+00 9.000000000000003553e-01 9.000000000000003553e-01 5.000000000000000000e-01 5.000000000000000000e-01 5.000000000000000000e-01
8.825248942045110789e-01 8.631327413249149094e-01 8.855991900940474171e-02 8.694343538725998743e-02 8.770518308109265249e-02 0.000000000000000000e+00 0.000000000000000000e+00 0.000000000000000000e+00 0.000000000000000000e+00 0.000000000000000000e+00 9.000000000000003553e-01 9.000000000000003553e-01 5.000000000000000000e-01 5.000000000000000000e-01 5.000000000000000000e-01
8.837839007186987228e-01 8.650843954698536065e-01 9.015965909651914301e-02 8.557698547506405184e-02 8.946171824733512024e-02 0.000000000000000000e+00 0.000000000000000000e+00 0.000000000000000000e+00 0.000000000000000000e+00 0.000000000000000000e+00 9.000000000000003553e-01 9.000000000000003553e-01 5.000000000000000000e-01 5.000000000000000000e-01 5.000000000000000000e-01
8.856067803534127814e-01 8.681878962660569687e-01 9.173582246369547943e-02 8.434256886626406713e-02 8.803335601603098914e-02 0.000000000000000000e+00 0.000000000000000000e+00 0.000000000000000000e+00 0.000000000000000000e+00 0.000000000000000000e+00 9.000000000000003553e-01 9.000000000000003553e-01 5.000000000000000000e-01 5.000000000000000000e-01 5.000000000000000000e-01
8.863349358165892866e-01 8.698584089439996836e-01 9.222068632559420054e-02 8.573066403382618994e-02 8.770778158996035689e-02 0.000000000000000000e+00 0.000000000000000000e+00 0.000000000000000000e+00 0.000000000000000000e+00 0.000000000000000000e+00 9.000000000000003553e-01 9.000000000000003553e-01 5.000000000000000000e-01 5.000000000000000000e-01 5.000000000000000000e-01
8.882658448172969790e-01 8.732895726108306222e-01 9.240077675453765849e-02 8.523131130453361071e-02 8.841654966481014843e-02 0.000000000000000000e+00 0.000000000000000000e+00 0.000000000000000000e+00 0.000000000000000000e+00 0.000000000000000000e+00 9.000000000000003553e-01 9.000000000000003553e-01 5.000000000000000000e-01 5.000000000000000000e-01 5.000000000000000000e-01
8.888501991921765599e-01 8.746852800592886945e-01 8.902654534653357821e-02 8.747645754411434438e-02 9.022823747868356781e-02 0.000000000000000000e+00 0.000000000000000000e+00 0.000000000000000000e+00 0.000000000000000000e+00 0.000000000000000000e+00 9.000000000000003553e-01 9.000000000000003553e-01 5.000000000000000000e-01 5.000000000000000000e-01 5.000000000000000000e-01
8.904372367512768394e-01 8.772730483479498353e-01 9.043787711812427410e-02 8.760340876755008666e-02 8.914267624666770418e-02 0.000000000000000000e+00 0.000000000000000000e+00 0.000000000000000000e+00 0.000000000000000000e+00 0.000000000000000000e+00 9.000000000000003553e-01 9.000000000000003553e-01 5.000000000000000000e-01 5.000000000000000000e-01 5.000000000000000000e-01
8.912200209741588663e-01 8.779136316942380835e-01 9.125420721146686176e-02 8.589409922196589164e-02 9.170958329624639971e-02 0.000000000000000000e+00 0.000000000000000000e+00 0.000000000000000000e+00 0.000000000000000000e+00 0.000000000000000000e+00 9.000000000000003553e-01 9.000000000000003553e-01 5.000000000000000000e-01 5.000000000000000000e-01 5.000000000000000000e-01
8.926060417434564798e-01 8.794670635081203169e-01 9.096408482739165580e-02 8.740485492320448913e-02 9.088175059566250269e-02 0.000000000000000000e+00 0.000000000000000000e+00 0.000000000000000000e+00 0.000000000000000000e+00 0.000000000000000000e+00 9.000000000000003553e-01 9.000000000000003553e-01 5.000000000000000000e-01 5.000000000000000000e-01 5.000000000000000000e-01
8.931228971397301430e-01 8.805473180339287165e-01 9.168975836998559392e-02 8.584175662860663025e-02 9.049013547166101512e-02 0.000000000000000000e+00 0.000000000000000000e+00 0.000000000000000000e+00 0.000000000000000000e+00 0.000000000000000000e+00 9.000000000000003553e-01 9.000000000000003553e-01 5.000000000000000000e-01 5.000000000000000000e-01 5.000000000000000000e-01
8.939157369002828091e-01 8.818813552956918933e-01 8.999483153162021742e-02 8.523393787724414805e-02 8.971715528648649407e-02 0.000000000000000000e+00 0.000000000000000000e+00 0.000000000000000000e+00 0.000000000000000000e+00 0.000000000000000000e+00 9.000000000000003553e-01 9.000000000000003553e-01 5.000000000000000000e-01 5.000000000000000000e-01 5.000000000000000000e-01
8.951506261240643747e-01 8.836165652801615256e-01 8.959624663276162526e-02 8.573394082141472250e-02 9.163910261393316825e-02 0.000000000000000000e+00 0.000000000000000000e+00 0.000000000000000000e+00 0.000000000000000000e+00 0.000000000000000000e+00 9.000000000000003553e-01 9.000000000000003553e-01 5.000000000000000000e-01 5.000000000000000000e-01 5.000000000000000000e-01
8.956033343947492620e-01 8.844976424258580439e-01 9.087755245347936550e-02 8.522272766074392991e-02 9.258938970137854663e-02 0.000000000000000000e+00 0.000000000000000000e+00 0.000000000000000000e+00 0.000000000000000000e+00 0.000000000000000000e+00 9.000000000000003553e-01 9.000000000000003553e-01 5.000000000000000000e-01 5.000000000000000000e-01 5.000000000000000000e-01
8.969721681348670206e-01 8.864722096901155313e-01 9.243236667974448484e-02 8.411257521461255882e-02 9.379336424749952494e-02 0.000000000000000000e+00 0.000000000000000000e+00 0.000000000000000000e+00 0.000000000000000000e+00 0.000000000000000000e+00 9.000000000000003553e-01 9.000000000000003553e-01 5.000000000000000000e-01 5.000000000000000000e-01 5.000000000000000000e-01
8.975464682322321641e-01 8.874006679063799474e-01 9.060889903404686918e-02 8.441618769467888750e-02 9.317949162655303486e-02 0.000000000000000000e+00 0.000000000000000000e+00 0.000000000000000000e+00 0.000000000000000000e+00 0.000000000000000000e+00 9.000000000000003553e-01 9.000000000000003553e-01 5.000000000000000000e-01 5.000000000000000000e-01 5.000000000000000000e-01
8.986137394139148693e-01 8.892678463668919342e-01 9.297462896691154055e-02 8.537661285207934214e-02 9.267833738115370534e-02 0.000000000000000000e+00 0.000000000000000000e+00 0.000000000000000000e+00 0.000000000000000000e+00 0.000000000000000000e+00 9.000000000000003553e-01 9.000000000000003553e-01 5.000000000000000000e-01 5.000000000000000000e-01 5.000000000000000000e-01
8.990136379265927236e-01 8.899111229887435304e-01 9.241224043084043938e-02 8.514164014488320720e-02 9.505427154897282127e-02 0.000000000000000000e+00 0.000000000000000000e+00 0.000000000000000000e+00 0.000000000000000000e+00 0.000000000000000000e+00 9.000000000000003553e-01 9.000000000000003553e-01 5.000000000000000000e-01 5.000000000000000000e-01 5.000000000000000000e-01
9.000568024712339854e-01 8.910139764508824278e-01 9.394971444158228824e-02 8.704590067040786361e-02 9.502786534187132594e-02 1.000000000000000000e+00 0.000000000000000000e+00 0.000000000000000000e+00 0.000000000000000000e+00 0.000000000000000000e+00 9.500000000000003997e-01 9.000000000000003553e-01 5.000000000000000000e-01 5.000000000000000000e-01 5.000000000000000000e-01
8.989755787733466619e-01 8.928965457695784425e-01 9.150507133902664736e-02 8.761774553178236502e-02 9.451761500552131878e-02 0.000000000000000000e+00 0.000000000000000000e+00 0.000000000000000000e+00 0.000000000000000000e+00 0.000000000000000000e+00 9.500000000000003997e-01 9.000000000000003553e-01 5.000000000000000000e-01 5.000000000000000000e-01 5.000000000000000000e-01
8.985511069090054148e-01 8.938128069715339796e-01 9.243181976323670834e-02 8.701152541309564725e-02 9.486573429072710228e-02 0.000000000000000000e+00 0.000000000000000000e+00 0.000000000000000000e+00 0.000000000000000000e+00 0.000000000000000000e+00 9.500000000000003997e-01 9.000000000000003553e-01 5.000000000000000000e-01 5.000000000000000000e-01 5.000000000000000000e-01
8.992706311707894251e-01 8.951585723587518473e-01 9.132305071169330435e-02 8.761406949366527808e-02 9.424131055313772487e-02 0.000000000000000000e+00 0.000000000000000000e+00 0.000000000000000000e+00 0.000000000000000000e+00 0.000000000000000000e+00 9.500000000000003997e-01 9.000000000000003553e-01 5.000000000000000000e-01 5.000000000000000000e-01 5.000000000000000000e-01
8.995280724544179041e-01 8.959067536091460671e-01 9.198912739806941463e-02 8.716465511447504810e-02 9.372934292344148322e-02 0.000000000000000000e+00 0.000000000000000000e+00 0.000000000000000000e+00 0.000000000000000000e+00 0.000000000000000000e+00 9.500000000000003997e-01 9.000000000000003553e-01 5.000000000000000000e-01 5.000000000000000000e-01 5.000000000000000000e-01
9.003077050836904016e-01 8.971485682621459512e-01 9.242012622298928504e-02 8.591395354894892922e-02 9.310716739047847357e-02 0.000000000000000000e+00 0.000000000000000000e+00 0.000000000000000000e+00 0.000000000000000000e+00 0.000000000000000000e+00 9.500000000000003997e-01 9.000000000000003553e-01 5.000000000000000000e-01 5.000000000000000000e-01 5.000000000000000000e-01
9.006131818949566492e-01 8.976318290486474671e-01 9.293518787188448371e-02 8.453418811849475190e-02 9.364015621053739524e-02 0.000000000000000000e+00 0.000000000000000000e+00 0.000000000000000000e+00 0.000000000000000000e+00 0.000000000000000000e+00 9.500000000000003997e-01 9.000000000000003553e-01 5.000000000000000000e-01 5.000000000000000000e-01 5.000000000000000000e-01
9.014818686825596394e-01 8.986502897001167334e-01 9.180636832650997115e-02 8.553759505214822423e-02 9.194726886737214500e-02 0.000000000000000000e+00 0.000000000000000000e+00 0.000000000000000000e+00 0.000000000000000000e+00 0.000000000000000000e+00 9.500000000000003997e-01 9.000000000000003553e-01 5.000000000000000000e-01 5.000000000000000000e-01 5.000000000000000000e-01
9.018432460335664702e-01 8.991940960148125939e-01 9.405002114724812790e-02 8.569582020370647424e-02 9.438604534238831389e-02 0.000000000000000000e+00 0.000000000000000000e+00 0.000000000000000000e+00 0.000000000000000000e+00 0.000000000000000000e+00 9.500000000000003997e-01 9.000000000000003553e-01 5.000000000000000000e-01 5.000000000000000000e-01 5.000000000000000000e-01
9.025664998547858753e-01 8.998764705252707552e-01 9.266428959447146896e-02 8.781394213827027617e-02 9.269444004002171111e-02 0.000000000000000000e+00 0.000000000000000000e+00 0.000000000000000000e+00 0.000000000000000000e+00 0.000000000000000000e+00 9.500000000000003997e-01 9.000000000000003553e-01 5.000000000000000000e-01 5.000000000000000000e-01 5.000000000000000000e-01
9.028877225200873102e-01 9.004319539488235824e-01 9.293851530051132348e-02 8.790547544451123019e-02 9.259459111324915004e-02 0.000000000000000000e+00 1.000000000000000000e+00 0.000000000000000000e+00 0.000000000000000000e+00 0.000000000000000000e+00 9.500000000000003997e-01 9.500000000000003997e-01 5.000000000000000000e-01 5.000000000000000000e-01 5.000000000000000000e-01
9.036731429229751811e-01 8.996493003022021373e-01 9.219329433780908134e-02 8.656073455695124930e-02 8.978501920750296683e-02 0.000000000000000000e+00 0.000000000000000000e+00 0.000000000000000000e+00 0.000000000000000000e+00 0.000000000000000000e+00 9.500000000000003997e-01 9.500000000000003997e-01 5.000000000000000000e-01 5.000000000000000000e-01 5.000000000000000000e-01
9.047983438863507200e-01 8.984406940006808284e-01 9.364683706044683864e-02 8.958513360841978412e-02 9.035388103230017343e-02 0.000000000000000000e+00 0.000000000000000000e+00 0.000000000000000000e+00 0.000000000000000000e+00 0.000000000000000000e+00 9.500000000000003997e-01 9.500000000000003997e-01 5.000000000000000000e-01 5.000000000000000000e-01 5.000000000000000000e-01
9.052334797539894895e-01 8.990515905447766798e-01 9.396829030254330584e-02 8.998984961751102518e-02 8.955070656322904055e-02 0.000000000000000000e+00 0.000000000000000000e+00 0.000000000000000000e+00 0.000000000000000000e+00 0.000000000000000000e+00 9.500000000000003997e-01 9.500000000000003997e-01 5.000000000000000000e-01 5.000000000000000000e-01 5.000000000000000000e-01
9.059078251669118176e-01 8.998276456254100664e-01 9.165542364610068660e-02 9.087937212520103003e-02 9.065060633474895935e-02 0.000000000000000000e+00 0.000000000000000000e+00 0.000000000000000000e+00 0.000000000000000000e+00 0.000000000000000000e+00 9.500000000000003997e-01 9.500000000000003997e-01 5.000000000000000000e-01 5.000000000000000000e-01 5.000000000000000000e-01
9.060741804536855959e-01 9.001935443061402919e-01 9.172853743832939943e-02 9.008816924044381336e-02 9.062026954618339347e-02 0.000000000000000000e+00 0.000000000000000000e+00 0.000000000000000000e+00 0.000000000000000000e+00 0.000000000000000000e+00 9.500000000000003997e-01 9.500000000000003997e-01 5.000000000000000000e-01 5.000000000000000000e-01 5.000000000000000000e-01
9.068370243357690708e-01 9.013330679061728468e-01 9.176633960201092954e-02 9.115746992926176961e-02 9.117570511171761705e-02 0.000000000000000000e+00 0.000000000000000000e+00 0.000000000000000000e+00 0.000000000000000000e+00 0.000000000000000000e+00 9.500000000000003997e-01 9.500000000000003997e-01 5.000000000000000000e-01 5.000000000000000000e-01 5.000000000000000000e-01
9.074708755115153958e-01 9.018376674630913525e-01 9.220720773681392868e-02 8.921416384106378716e-02 9.175914550386826685e-02 0.000000000000000000e+00 0.000000000000000000e+00 0.000000000000000000e+00 0.000000000000000000e+00 0.000000000000000000e+00 9.500000000000003997e-01 9.500000000000003997e-01 5.000000000000000000e-01 5.000000000000000000e-01 5.000000000000000000e-01
9.079335143099180883e-01 9.024778822003257650e-01 9.190720339498448244e-02 8.982246881522172599e-02 9.223864754025118406e-02 0.000000000000000000e+00 0.000000000000000000e+00 0.000000000000000000e+00 0.000000000000000000e+00 0.000000000000000000e+00 9.500000000000003997e-01 9.500000000000003997e-01 5.000000000000000000e-01 5.000000000000000000e-01 5.000000000000000000e-01
9.082860813442362735e-01 9.031728809620706011e-01 9.120677155948300752e-02 9.135101867537599729e-02 9.265686640209395974e-02 0.000000000000000000e+00 0.000000000000000000e+00 0.000000000000000000e+00 0.000000000000000000e+00 0.000000000000000000e+00 9.500000000000003997e-01 9.500000000000003997e-01 5.000000000000000000e-01 5.000000000000000000e-01 5.000000000000000000e-01
9.091648830208036713e-01 9.039044311540554988e-01 9.226317566244085500e-02 9.058205841924195367e-02 9.127364067354289123e-02 0.000000000000000000e+00 0.000000000000000000e+00 0.000000000000000000e+00 0.000000000000000000e+00 0.000000000000000000e+00 9.500000000000003997e-01 9.500000000000003997e-01 5.000000000000000000e-01 5.000000000000000000e-01 5.000000000000000000e-01
9.095105314091490589e-01 9.043281432076026860e-01 9.185896600993588568e-02 9.041580041835813042e-02 9.233663366560568297e-02 0.000000000000000000e+00 0.000000000000000000e+00 0.000000000000000000e+00 0.000000000000000000e+00 0.000000000000000000e+00 9.500000000000003997e-01 9.500000000000003997e-01 5.000000000000000000e-01 5.000000000000000000e-01 5.000000000000000000e-01
9.097143152793666365e-01 9.049114550315374705e-01 9.214831794326616698e-02 8.980654648713037869e-02 9.221119238411218388e-02 0.000000000000000000e+00 0.000000000000000000e+00 0.000000000000000000e+00 0.000000000000000000e+00 0.000000000000000000e+00 9.500000000000003997e-01 9.500000000000003997e-01 5.000000000000000000e-01 5.000000000000000000e-01 5.000000000000000000e-01
9.106272609178819311e-01 9.059025743367233874e-01 9.042306258200324964e-02 8.975488881116945594e-02 9.149955344836463444e-02 0.000000000000000000e+00 0.000000000000000000e+00 0.000000000000000000e+00 0.000000000000000000e+00 0.000000000000000000e+00 9.500000000000003997e-01 9.500000000000003997e-01 5.000000000000000000e-01 5.000000000000000000e-01 5.000000000000000000e-01
9.108650971043990019e-01 9.053197389006808482e-01 9.035733528427770944e-02 8.998528011271757221e-02 9.219307472171178741e-02 0.000000000000000000e+00 0.000000000000000000e+00 0.000000000000000000e+00 0.000000000000000000e+00 0.000000000000000000e+00 9.500000000000003997e-01 9.500000000000003997e-01 5.000000000000000000e-01 5.000000000000000000e-01 5.000000000000000000e-01
9.117813960509069116e-01 9.066545522569837701e-01 8.920277463577522270e-02 8.835809108440860482e-02 9.516473388993496041e-02 0.000000000000000000e+00 0.000000000000000000e+00 0.000000000000000000e+00 0.000000000000000000e+00 0.000000000000000000e+00 9.500000000000003997e-01 9.500000000000003997e-01 5.000000000000000000e-01 5.000000000000000000e-01 5.000000000000000000e-01
9.118334178718108252e-01 9.069271952778577006e-01 9.047124796957295434e-02 8.732769608711637987e-02 9.443476135233112856e-02 0.000000000000000000e+00 0.000000000000000000e+00 0.000000000000000000e+00 0.000000000000000000e+00 0.000000000000000000e+00 9.500000000000003997e-01 9.500000000000003997e-01 5.000000000000000000e-01 5.000000000000000000e-01 5.000000000000000000e-01
9.123468529686982187e-01 9.072574750575816971e-01 9.073309786488359396e-02 8.593671796991911305e-02 9.322200184554678415e-02 0.000000000000000000e+00 0.000000000000000000e+00 0.000000000000000000e+00 0.000000000000000000e+00 0.000000000000000000e+00 9.500000000000003997e-01 9.500000000000003997e-01 5.000000000000000000e-01 5.000000000000000000e-01 5.000000000000000000e-01
9.125915190807144528e-01 9.075220725015966661e-01 9.122192266540839201e-02 8.630811637029191241e-02 9.199007696906492948e-02 0.000000000000000000e+00 0.000000000000000000e+00 0.000000000000000000e+00 0.000000000000000000e+00 0.000000000000000000e+00 9.500000000000003997e-01 9.500000000000003997e-01 5.000000000000000000e-01 5.000000000000000000e-01 5.000000000000000000e-01
9.132498638598234297e-01 9.088129644546399932e-01 8.913851880833706387e-02 8.538622393171463321e-02 9.352290677921754058e-02 0.000000000000000000e+00 0.000000000000000000e+00 0.000000000000000000e+00 0.000000000000000000e+00 0.000000000000000000e+00 9.500000000000003997e-01 9.500000000000003997e-01 5.000000000000000000e-01 5.000000000000000000e-01 5.000000000000000000e-01
9.130662978262427121e-01 9.087214201691058424e-01 8.884111139572757609e-02 8.486075734154384376e-02 9.048566768195374921e-02 0.000000000000000000e+00 0.000000000000000000e+00 0.000000000000000000e+00 0.000000000000000000e+00 0.000000000000000000e+00 9.500000000000003997e-01 9.500000000000003997e-01 5.000000000000000000e-01 5.000000000000000000e-01 5.000000000000000000e-01
9.135908312321767699e-01 9.093132082437369590e-01 8.930166946523666882e-02 8.533302611792178971e-02 9.126716895466058244e-02 0.000000000000000000e+00 0.000000000000000000e+00 0.000000000000000000e+00 0.000000000000000000e+00 0.000000000000000000e+00 9.500000000000003997e-01 9.500000000000003997e-01 5.000000000000000000e-01 5.000000000000000000e-01 5.000000000000000000e-01
9.138646085955696163e-01 9.096593134798328650e-01 8.880744986150049258e-02 8.468880221272068187e-02 9.028545172937949004e-02 0.000000000000000000e+00 0.000000000000000000e+00 0.000000000000000000e+00 0.000000000000000000e+00 0.000000000000000000e+00 9.500000000000003997e-01 9.500000000000003997e-01 5.000000000000000000e-01 5.000000000000000000e-01 5.000000000000000000e-01
9.142216001209306775e-01 9.101010172395670450e-01 8.896274081397742561e-02 8.423175601035121085e-02 9.122206790711803737e-02 0.000000000000000000e+00 0.000000000000000000e+00 0.000000000000000000e+00 0.000000000000000000e+00 0.000000000000000000e+00 9.500000000000003997e-01 9.500000000000003997e-01 5.000000000000000000e-01 5.000000000000000000e-01 5.000000000000000000e-01
9.147480959714002768e-01 9.108091032412555244e-01 8.855583331313889028e-02 8.688060594561672345e-02 9.118472353916887152e-02 0.000000000000000000e+00 0.000000000000000000e+00 0.000000000000000000e+00 0.000000000000000000e+00 0.000000000000000000e+00 9.500000000000003997e-01 9.500000000000003997e-01 5.000000000000000000e-01 5.000000000000000000e-01 5.000000000000000000e-01
9.151798150712753266e-01 9.113392922569798493e-01 9.142442732966366004e-02 8.584479162596921065e-02 9.144711762597322602e-02 0.000000000000000000e+00 0.000000000000000000e+00 0.000000000000000000e+00 0.000000000000000000e+00 0.000000000000000000e+00 9.500000000000003997e-01 9.500000000000003997e-01 5.000000000000000000e-01 5.000000000000000000e-01 5.000000000000000000e-01
9.154723131181952134e-01 9.116170836174640746e-01 9.061611971503027996e-02 8.734294329041150662e-02 9.284486752337146875e-02 0.000000000000000000e+00 0.000000000000000000e+00 0.000000000000000000e+00 0.000000000000000000e+00 0.000000000000000000e+00 9.500000000000003997e-01 9.500000000000003997e-01 5.000000000000000000e-01 5.000000000000000000e-01 5.000000000000000000e-01
9.157804729517071696e-01 9.118601204928014070e-01 9.225535132618116474e-02 8.704020910608571693e-02 9.252321791394019224e-02 0.000000000000000000e+00 0.000000000000000000e+00 0.000000000000000000e+00 0.000000000000000000e+00 0.000000000000000000e+00 9.500000000000003997e-01 9.500000000000003997e-01 5.000000000000000000e-01 5.000000000000000000e-01 5.000000000000000000e-01
9.164345419392762038e-01 9.124497817898122864e-01 9.204438537225481665e-02 8.927021456841323366e-02 9.360009333156366074e-02 0.000000000000000000e+00 0.000000000000000000e+00 0.000000000000000000e+00 0.000000000000000000e+00 0.000000000000000000e+00 9.500000000000003997e-01 9.500000000000003997e-01 5.000000000000000000e-01 5.000000000000000000e-01 5.000000000000000000e-01
9.163735259933915023e-01 9.128058874632795083e-01 9.170371327429642505e-02 8.906611864232986953e-02 9.375057971895346676e-02 0.000000000000000000e+00 0.000000000000000000e+00 0.000000000000000000e+00 0.000000000000000000e+00 0.000000000000000000e+00 9.500000000000003997e-01 9.500000000000003997e-01 5.000000000000000000e-01 5.000000000000000000e-01 5.000000000000000000e-01
9.166415941207661788e-01 9.128960998562888340e-01 9.123084572107779955e-02 8.770207838122262567e-02 9.414952148652121211e-02 0.000000000000000000e+00 0.000000000000000000e+00 0.000000000000000000e+00 0.000000000000000000e+00 0.000000000000000000e+00 9.500000000000003997e-01 9.500000000000003997e-01 5.000000000000000000e-01 5.000000000000000000e-01 5.000000000000000000e-01
9.168763025534094613e-01 9.134003283965548281e-01 9.253714538186232075e-02 8.920135608993921827e-02 9.370327085697245650e-02 0.000000000000000000e+00 0.000000000000000000e+00 0.000000000000000000e+00 0.000000000000000000e+00 0.000000000000000000e+00 9.500000000000003997e-01 9.500000000000003997e-01 5.000000000000000000e-01 5.000000000000000000e-01 5.000000000000000000e-01
9.169132619537747608e-01 9.135161102396091026e-01 9.210855480489475722e-02 8.795914046151344368e-02 9.267460437343501278e-02 0.000000000000000000e+00 0.000000000000000000e+00 0.000000000000000000e+00 0.000000000000000000e+00 0.000000000000000000e+00 9.500000000000003997e-01 9.500000000000003997e-01 5.000000000000000000e-01 5.000000000000000000e-01 5.000000000000000000e-01
9.174724537967996474e-01 9.137603809512664377e-01 9.171556095316377166e-02 8.933850860169466335e-02 9.297014296208482020e-02 0.000000000000000000e+00 0.000000000000000000e+00 0.000000000000000000e+00 0.000000000000000000e+00 0.000000000000000000e+00 9.500000000000003997e-01 9.500000000000003997e-01 5.000000000000000000e-01 5.000000000000000000e-01 5.000000000000000000e-01
9.176449075599076854e-01 9.140535371471329995e-01 9.051800963506843878e-02 8.974957134908798095e-02 9.179661477790583557e-02 0.000000000000000000e+00 0.000000000000000000e+00 0.000000000000000000e+00 0.000000000000000000e+00 0.000000000000000000e+00 9.500000000000003997e-01 9.500000000000003997e-01 5.000000000000000000e-01 5.000000000000000000e-01 5.000000000000000000e-01
9.183187279631026545e-01 9.143496733630759321e-01 9.174585578724568646e-02 8.732494964549850081e-02 9.412861546199728646e-02 0.000000000000000000e+00 0.000000000000000000e+00 0.000000000000000000e+00 0.000000000000000000e+00 0.000000000000000000e+00 9.500000000000003997e-01 9.500000000000003997e-01 5.000000000000000000e-01 5.000000000000000000e-01 5.000000000000000000e-01
9.186912420916963917e-01 9.145095831678606846e-01 9.097976813394477447e-02 8.689421841108448119e-02 9.380931173610679297e-02 0.000000000000000000e+00 0.000000000000000000e+00 0.000000000000000000e+00 0.000000000000000000e+00 0.000000000000000000e+00 9.500000000000003997e-01 9.500000000000003997e-01 5.000000000000000000e-01 5.000000000000000000e-01 5.000000000000000000e-01
9.188912390511231321e-01 9.149650975015779508e-01 9.260136187982274947e-02 8.718423802716500359e-02 9.311372687038113605e-02 0.000000000000000000e+00 0.000000000000000000e+00 0.000000000000000000e+00 0.000000000000000000e+00 0.000000000000000000e+00 9.500000000000003997e-01 9.500000000000003997e-01 5.000000000000000000e-01 5.000000000000000000e-01 5.000000000000000000e-01
9.196945997642949067e-01 9.153261847648653804e-01 9.252920772645742420e-02 8.791748266474011531e-02 9.291856241282361872e-02 0.000000000000000000e+00 0.000000000000000000e+00 0.000000000000000000e+00 0.000000000000000000e+00 0.000000000000000000e+00 9.500000000000003997e-01 9.500000000000003997e-01 5.000000000000000000e-01 5.000000000000000000e-01 5.000000000000000000e-01
9.199856954602968484e-01 9.153412716149373907e-01 9.357142470180557225e-02 8.740721991509416144e-02 9.433352267055067353e-02 0.000000000000000000e+00 0.000000000000000000e+00 0.000000000000000000e+00 0.000000000000000000e+00 0.000000000000000000e+00 9.500000000000003997e-01 9.500000000000003997e-01 5.000000000000000000e-01 5.000000000000000000e-01 5.000000000000000000e-01
9.197140219379592585e-01 9.158269316387714909e-01 9.211836859664762622e-02 9.026311078343766947e-02 9.382435620260770603e-02 0.000000000000000000e+00 0.000000000000000000e+00 0.000000000000000000e+00 0.000000000000000000e+00 0.000000000000000000e+00 9.500000000000003997e-01 9.500000000000003997e-01 5.000000000000000000e-01 5.000000000000000000e-01 5.000000000000000000e-01
9.200370125067870442e-01 9.160919152470053950e-01 9.190328854189623586e-02 8.914257578003655091e-02 9.235258118910874559e-02 0.000000000000000000e+00 0.000000000000000000e+00 0.000000000000000000e+00 0.000000000000000000e+00 0.000000000000000000e+00 9.500000000000003997e-01 9.500000000000003997e-01 5.000000000000000000e-01 5.000000000000000000e-01 5.000000000000000000e-01
9.202449082636300348e-01 9.164432125559694997e-01 9.352186097566762835e-02 9.086160533619955237e-02 9.262898955643869559e-02 0.000000000000000000e+00 0.000000000000000000e+00 0.000000000000000000e+00 0.000000000000000000e+00 0.000000000000000000e+00 9.500000000000003997e-01 9.500000000000003997e-01 5.000000000000000000e-01 5.000000000000000000e-01 5.000000000000000000e-01
9.202723004755464231e-01 9.167090811087967861e-01 9.173998204385000466e-02 9.138305303464192009e-02 9.227451640975646574e-02 0.000000000000000000e+00 0.000000000000000000e+00 0.000000000000000000e+00 0.000000000000000000e+00 0.000000000000000000e+00 9.500000000000003997e-01 9.500000000000003997e-01 5.000000000000000000e-01 5.000000000000000000e-01 5.000000000000000000e-01
9.207456366069440845e-01 9.171608903289485415e-01 9.246182282136219954e-02 9.285876013401482554e-02 9.167033782495680183e-02 0.000000000000000000e+00 0.000000000000000000e+00 0.000000000000000000e+00 0.000000000000000000e+00 0.000000000000000000e+00 9.500000000000003997e-01 9.500000000000003997e-01 5.000000000000000000e-01 5.000000000000000000e-01 5.000000000000000000e-01
9.206571366936485701e-01 9.171904221158199144e-01 9.406457821774907857e-02 9.308379951053197265e-02 9.171561418084310524e-02 0.000000000000000000e+00 0.000000000000000000e+00 0.000000000000000000e+00 0.000000000000000000e+00 0.000000000000000000e+00 9.500000000000003997e-01 9.500000000000003997e-01 5.000000000000000000e-01 5.000000000000000000e-01 5.000000000000000000e-01
9.211307644549399098e-01 9.175856266321947841e-01 9.202961151491638458e-02 9.499546642172057576e-02 9.010676492659966397e-02 0.000000000000000000e+00 0.000000000000000000e+00 0.000000000000000000e+00 0.000000000000000000e+00 0.000000000000000000e+00 9.500000000000003997e-01 9.500000000000003997e-01 5.000000000000000000e-01 5.000000000000000000e-01 5.000000000000000000e-01
9.212467568908955240e-01 9.177460102296011168e-01 9.243395867922231390e-02 9.385276569563794080e-02 8.998482108962808923e-02 0.000000000000000000e+00 0.000000000000000000e+00 0.000000000000000000e+00 0.000000000000000000e+00 0.000000000000000000e+00 9.500000000000003997e-01 9.500000000000003997e-01 5.000000000000000000e-01 5.000000000000000000e-01 5.000000000000000000e-01
