6.106856663265848306e-01 4.985695609750067647e-01 9.522213573845128565e-02 8.709281315454592276e-02 9.239472255204538020e-02 1.000000000000000000e+00 0.000000000000000000e+00 0.000000000000000000e+00 0.000000000000000000e+00 0.000000000000000000e+00 5.500000000000000444e-01 5.000000000000000000e-01 5.000000000000000000e-01 5.000000000000000000e-01 5.000000000000000000e-01
5.492448194928865046e-01 7.357370529570408380e-01 9.386183388188994170e-02 8.291040253655071468e-02 9.039691241532946120e-02 0.000000000000000000e+00 1.000000000000000000e+00 0.000000000000000000e+00 0.000000000000000000e+00 0.000000000000000000e+00 5.500000000000000444e-01 5.500000000000000444e-01 5.000000000000000000e-01 5.000000000000000000e-01 5.000000000000000000e-01
6.959751074482417588e-01 6.184939657245360767e-01 1.005833446447291502e-01 9.037661491698195659e-02 9.029475844375774163e-02 1.000000000000000000e+00 1.000000000000000000e+00 0.000000000000000000e+00 0.000000000000000000e+00 0.000000000000000000e+00 6.000000000000000888e-01 6.000000000000000888e-01 5.000000000000000000e-01 5.000000000000000000e-01 5.000000000000000000e-01
7.631376766959507840e-01 6.503975712166050194e-01 8.958294938787053630e-02 8.883004076361887547e-02 9.336779467527922538e-02 1.000000000000000000e+00 1.000000000000000000e+00 0.000000000000000000e+00 0.000000000000000000e+00 0.000000000000000000e+00 6.500000000000001332e-01 6.500000000000001332e-01 5.000000000000000000e-01 5.000000000000000000e-01 5.000000000000000000e-01
7.854923349880916783e-01 6.522682176888824346e-01 1.005698568466084769e-01 8.368555102818098224e-02 1.011645054147582989e-01 1.000000000000000000e+00 1.000000000000000000e+00 0.000000000000000000e+00 0.000000000000000000e+00 0.000000000000000000e+00 7.000000000000001776e-01 7.000000000000001776e-01 5.000000000000000000e-01 5.000000000000000000e-01 5.000000000000000000e-01
7.975401562117840903e-01 6.655698377683636480e-01 9.229531815694691499e-02 9.089094036050862635e-02 9.297125231712698168e-02 1.000000000000000000e+00 0.000000000000000000e+00 0.000000000000000000e+00 0.000000000000000000e+00 0.000000000000000000e+00 7.500000000000002220e-01 7.000000000000001776e-01 5.000000000000000000e-01 5.000000000000000000e-01 5.000000000000000000e-01
7.925603746323475196e-01 6.967334773458765396e-01 9.286402397843142309e-02 9.155159113299220219e-02 9.217218177538499813e-02 1.000000000000000000e+00 0.000000000000000000e+00 0.000000000000000000e+00 0.000000000000000000e+00 0.000000000000000000e+00 8.000000000000002665e-01 7.000000000000001776e-01 5.000000000000000000e-01 5.000000000000000000e-01 5.000000000000000000e-01
7.901098851082878349e-01 7.216963647576002394e-01 9.292776792830367838e-02 9.084028308501672366e-02 9.212434253095345971e-02 0.000000000000000000e+00 1.000000000000000000e+00 0.000000000000000000e+00 0.000000000000000000e+00 0.000000000000000000e+00 8.000000000000002665e-01 7.500000000000002220e-01 5.000000000000000000e-01 5.000000000000000000e-01 5.000000000000000000e-01
8.059039587666183557e-01 7.136628527520508802e-01 9.470233561973413761e-02 9.074374611256623424e-02 9.301372911744491823e-02 1.000000000000000000e+00 0.000000000000000000e+00 0.000000000000000000e+00 0.000000000000000000e+00 0.000000000000000000e+00 8.500000000000003109e-01 7.500000000000002220e-01 5.000000000000000000e-01 5.000000000000000000e-01 5.000000000000000000e-01
8.040869651484551239e-01 7.323721238454209415e-01 9.991318525454234711e-02 9.172275817972469492e-02 9.036976986647396459e-02 0.000000000000000000e+00 0.000000000000000000e+00 0.000000000000000000e+00 0.000000000000000000e+00 0.000000000000000000e+00 8.500000000000003109e-01 7.500000000000002220e-01 5.000000000000000000e-01 5.000000000000000000e-01 5.000000000000000000e-01
8.120038500875385035e-01 7.462827696002698463e-01 9.969948073235510022e-02 9.233147066054454843e-02 9.059747465901153707e-02 0.000000000000000000e+00 0.000000000000000000e+00 0.000000000000000000e+00 0.000000000000000000e+00 0.000000000000000000e+00 8.500000000000003109e-01 7.500000000000002220e-01 5.000000000000000000e-01 5.000000000000000000e-01 5.000000000000000000e-01
8.196059891537967879e-01 7.579910543074274143e-01 1.017396540761557194e-01 9.350184103005483582e-02 9.069049540401133425e-02 0.000000000000000000e+00 1.000000000000000000e+00 0.000000000000000000e+00 0.000000000000000000e+00 0.000000000000000000e+00 8.500000000000003109e-01 8.000000000000002665e-01 5.000000000000000000e-01 5.000000000000000000e-01 5.000000000000000000e-01
8.284234447832048431e-01 7.499260813067600839e-01 9.996104407876703346e-02 9.320967960763021365e-02 9.136059468348585455e-02 0.000000000000000000e+00 0.000000000000000000e+00 0.000000000000000000e+00 0.000000000000000000e+00 0.000000000000000000e+00 8.500000000000003109e-01 8.000000000000002665e-01 5.000000000000000000e-01 5.000000000000000000e-01 5.000000000000000000e-01
8.341824637707453416e-01 7.588809713336575058e-01 9.943030369281120884e-02 9.398912011406354572e-02 9.136388582710672224e-02 0.000000000000000000e+00 0.000000000000000000e+00 0.000000000000000000e+00 0.000000000000000000e+00 0.000000000000000000e+00 8.500000000000003109e-01 8.000000000000002665e-01 5.000000000000000000e-01 5.000000000000000000e-01 5.000000000000000000e-01
8.386423432403021794e-01 7.676813954850382204e-01 9.826685370677007425e-02 9.467191919809217482e-02 9.242171594095217879e-02 0.000000000000000000e+00 0.000000000000000000e+00 0.000000000000000000e+00 0.000000000000000000e+00 0.000000000000000000e+00 8.500000000000003109e-01 8.000000000000002665e-01 5.000000000000000000e-01 5.000000000000000000e-01 5.000000000000000000e-01
8.437583293264006024e-01 7.760083459640679804e-01 9.810318244639201768e-02 9.114253838181492207e-02 9.237164611424100724e-02 0.000000000000000000e+00 0.000000000000000000e+00 0.000000000000000000e+00 0.000000000000000000e+00 0.000000000000000000e+00 8.500000000000003109e-01 8.000000000000002665e-01 5.000000000000000000e-01 5.000000000000000000e-01 5.000000000000000000e-01
8.474424678199092842e-01 7.826569326992195430e-01 9.750702142046627219e-02 8.964242106189242165e-02 9.305010444763976707e-02 0.000000000000000000e+00 0.000000000000000000e+00 0.000000000000000000e+00 0.000000000000000000e+00 0.000000000000000000e+00 8.500000000000003109e-01 8.000000000000002665e-01 5.000000000000000000e-01 5.000000000000000000e-01 5.000000000000000000e-01
8.511998678171081023e-01 7.894097805153343916e-01 9.638738828685011750e-02 8.950190409891950472e-02 9.287705776061601359e-02 1.000000000000000000e+00 0.000000000000000000e+00 0.000000000000000000e+00 0.000000000000000000e+00 0.000000000000000000e+00 9.000000000000003553e-01 8.000000000000002665e-01 5.000000000000000000e-01 5.000000000000000000e-01 5.000000000000000000e-01
8.479473622868489713e-01 7.977912352169450605e-01 9.585578148864802583e-02 8.654054360767240994e-02 9.259036418887736652e-02 0.000000000000000000e+00 0.000000000000000000e+00 0.000000000000000000e+00 0.000000000000000000e+00 0.000000000000000000e+00 9.000000000000003553e-01 8.000000000000002665e-01 5.000000000000000000e-01 5.000000000000000000e-01 5.000000000000000000e-01
8.512008283564622690e-01 8.025267255038883718e-01 9.520857955691523766e-02 8.573913175627784211e-02 9.320993088796884762e-02 0.000000000000000000e+00 1.000000000000000000e+00 0.000000000000000000e+00 0.000000000000000000e+00 0.000000000000000000e+00 9.000000000000003553e-01 8.500000000000003109e-01 5.000000000000000000e-01 5.000000000000000000e-01 5.000000000000000000e-01
8.571990659986333805e-01 7.980617413924576686e-01 9.859285114473688438e-02 8.848596081090770449e-02 8.833989598930599985e-02 0.000000000000000000e+00 0.000000000000000000e+00 0.000000000000000000e+00 0.000000000000000000e+00 0.000000000000000000e+00 9.000000000000003553e-01 8.500000000000003109e-01 5.000000000000000000e-01 5.000000000000000000e-01 5.000000000000000000e-01
8.594532657784792473e-01 8.037248883039128655e-01 9.671763149837681040e-02 8.875212844424563985e-02 9.035485690954991878e-02 0.000000000000000000e+00 0.000000000000000000e+00 0.000000000000000000e+00 0.000000000000000000e+00 0.000000000000000000e+00 9.000000000000003553e-01 8.500000000000003109e-01 5.000000000000000000e-01 5.000000000000000000e-01 5.000000000000000000e-01
8.616686700377975683e-01 8.074660535650807214e-01 9.838361198910884620e-02 8.675872482574234490e-02 9.155311789559743285e-02 0.000000000000000000e+00 0.000000000000000000e+00 0.000000000000000000e+00 0.000000000000000000e+00 0.000000000000000000e+00 9.000000000000003553e-01 8.500000000000003109e-01 5.000000000000000000e-01 5.000000000000000000e-01 5.000000000000000000e-01
8.637905318324327064e-01 8.115758515329997147e-01 9.805001345806368951e-02 8.760815705914819229e-02 9.249584949123711153e-02 0.000000000000000000e+00 0.000000000000000000e+00 0.000000000000000000e+00 0.000000000000000000e+00 0.000000000000000000e+00 9.000000000000003553e-01 8.500000000000003109e-01 5.000000000000000000e-01 5.000000000000000000e-01 5.000000000000000000e-01
8.671528433474220421e-01 8.160760039710597269e-01 9.810964484621786941e-02 8.734939659644300192e-02 9.286710268245965127e-02 0.000000000000000000e+00 0.000000000000000000e+00 0.000000000000000000e+00 0.000000000000000000e+00 0.000000000000000000e+00 9.000000000000003553e-01 8.500000000000003109e-01 5.000000000000000000e-01 5.000000000000000000e-01 5.000000000000000000e-01
8.685342521802159599e-01 8.196532381809740198e-01 9.515617014048284583e-02 8.727192843700279368e-02 9.403095275878203818e-02 0.000000000000000000e+00 0.000000000000000000e+00 0.000000000000000000e+00 0.000000000000000000e+00 0.000000000000000000e+00 9.000000000000003553e-01 8.500000000000003109e-01 5.000000000000000000e-01 5.000000000000000000e-01 5.000000000000000000e-01
8.706015275456567837e-01 8.230735484063272933e-01 9.720569007669649375e-02 8.734793564865700466e-02 9.441728955017485159e-02 0.000000000000000000e+00 0.000000000000000000e+00 0.000000000000000000e+00 0.000000000000000000e+00 0.000000000000000000e+00 9.000000000000003553e-01 8.500000000000003109e-01 5.000000000000000000e-01 5.000000000000000000e-01 5.000000000000000000e-01
8.728980743317719115e-01 8.271151805719125782e-01 9.435167672382338555e-02 8.789302071422809559e-02 9.421211789217634469e-02 0.000000000000000000e+00 0.000000000000000000e+00 0.000000000000000000e+00 0.000000000000000000e+00 0.000000000000000000e+00 9.000000000000003553e-01 8.500000000000003109e-01 5.000000000000000000e-01 5.000000000000000000e-01 5.000000000000000000e-01
8.734397942619213095e-01 8.304320748017660625e-01 9.555057833011204593e-02 8.663405878376789770e-02 9.422202640786801753e-02 0.000000000000000000e+00 0.000000000000000000e+00 0.000000000000000000e+00 0.000000000000000000e+00 0.000000000000000000e+00 9.000000000000003553e-01 8.500000000000003109e-01 5.000000000000000000e-01 5.000000000000000000e-01 5.000000000000000000e-01
8.756220645167838157e-01 8.329695929127486353e-01 9.482105024829745599e-02 8.808750914703131207e-02 9.533846707140318510e-02 0.000000000000000000e+00 0.000000000000000000e+00 0.000000000000000000e+00 0.000000000000000000e+00 0.000000000000000000e+00 9.000000000000003553e-01 8.500000000000003109e-01 5.000000000000000000e-01 5.000000000000000000e-01 5.000000000000000000e-01
8.776427141483675864e-01 8.361128684598166938e-01 9.374834155593436691e-02 8.765741397567189397e-02 9.453435661947505453e-02 0.000000000000000000e+00 0.000000000000000000e+00 0.000000000000000000e+00 0.000000000000000000e+00 0.000000000000000000e+00 9.000000000000003553e-01 8.500000000000003109e-01 5.000000000000000000e-01 5.000000000000000000e-01 5.000000000000000000e-01
8.785996223334946453e-01 8.376029232199484476e-01 9.319888472658498235e-02 8.678572947179699626e-02 9.624823512505770173e-02 0.000000000000000000e+00 0.000000000000000000e+00 0.000000000000000000e+00 0.000000000000000000e+00 0.000000000000000000e+00 9.000000000000003553e-01 8.500000000000003109e-01 5.000000000000000000e-01 5.000000000000000000e-01 5.000000000000000000e-01
8.792899821355899537e-01 8.399733249546814662e-01 9.334501490466698415e-02 8.738583030032458232e-02 9.487773805202091848e-02 0.000000000000000000e+00 0.000000000000000000e+00 0.000000000000000000e+00 0.000000000000000000e+00 0.000000000000000000e+00 9.000000000000003553e-01 8.500000000000003109e-01 5.000000000000000000e-01 5.000000000000000000e-01 5.000000000000000000e-01
8.809356969925137282e-01 8.422400297613046316e-01 9.252563123451486293e-02 8.491044577193736231e-02 9.464061873895396326e-02 0.000000000000000000e+00 0.000000000000000000e+00 0.000000000000000000e+00 0.000000000000000000e+00 0.000000000000000000e+00 9.000000000000003553e-01 8.500000000000003109e-01 5.000000000000000000e-01 5.000000000000000000e-01 5.000000000000000000e-01
8.819950318272726797e-01 8.446804020857452411e-01 9.166332855751331554e-02 8.766815058627523694e-02 9.685315665065274970e-02 0.000000000000000000e+00 0.000000000000000000e+00 0.000000000000000000e+00 0.000000000000000000e+00 0.000000000000000000e+00 9.000000000000003553e-01 8.500000000000003109e-01 5.000000000000000000e-01 5.000000000000000000e-01 5.000000000000000000e-01
8.828405357385470387e-01 8.463386036602926765e-01 8.962185189274443631e-02 8.860442918172939386e-02 9.837507022809335866e-02 0.000000000000000000e+00 0.000000000000000000e+00 0.000000000000000000e+00 0.000000000000000000e+00 0.000000000000000000e+00 9.000000000000003553e-01 8.500000000000003109e-01 5.000000000000000000e-01 5.000000000000000000e-01 5.000000000000000000e-01
8.840120998628430149e-01 8.482697438102557719e-01 8.946133750141531393e-02 8.774405014215121146e-02 9.787158560771061500e-02 0.000000000000000000e+00 0.000000000000000000e+00 0.000000000000000000e+00 0.000000000000000000e+00 0.000000000000000000e+00 9.000000000000003553e-01 8.500000000000003109e-01 5.000000000000000000e-01 5.000000000000000000e-01 5.000000000000000000e-01
8.850173717067525425e-01 8.508218891525334282e-01 8.982439620754907594e-02 8.819255796918326618e-02 9.816905254172685058e-02 0.000000000000000000e+00 1.000000000000000000e+00 0.000000000000000000e+00 0.000000000000000000e+00 0.000000000000000000e+00 9.000000000000003553e-01 9.000000000000003553e-01 5.000000000000000000e-01 5.000000000000000000e-01 5.000000000000000000e-01
8.888679240061503339e-01 8.469837658854573181e-01 9.200929757953574262e-02 8.642714648356583651e-02 9.666958922702789669e-02 0.000000000000000000e+00 0.000000000000000000e+00 0.000000000000000000e+00 0.000000000000000000e+00 0.000000000000000000e+00 9.000000000000003553e-01 9.000000000000003553e-01 5.000000000000000000e-01 5.000000000000000000e-01 5.000000000000000000e-01
8.893956194142051963e-01 8.492743769964181677e-01 9.126368748229195249e-02 8.586466613189389085e-02 9.644561837863666054e-02 0.000000000000000000e+00 0.000000000000000000e+00 0.000000000000000000e+00 0.000000000000000000e+00 0.000000000000000000e+00 9.000000000000003553e-01 9.000000000000003553e-01 5.000000000000000000e-01 5.000000000000000000e-01 5.000000000000000000e-01
8.903866135156439654e-01 8.507010950160153184e-01 9.066005804761065323e-02 8.761301349124517301e-02 9.663480829826663621e-02 0.000000000000000000e+00 0.000000000000000000e+00 0.000000000000000000e+00 0.000000000000000000e+00 0.000000000000000000e+00 9.000000000000003553e-01 9.000000000000003553e-01 5.000000000000000000e-01 5.000000000000000000e-01 5.000000000000000000e-01
8.913150303523661444e-01 8.526257394096973252e-01 9.201634656769556997e-02 8.576213325189668835e-02 9.546329961522463659e-02 0.000000000000000000e+00 0.000000000000000000e+00 0.000000000000000000e+00 0.000000000000000000e+00 0.000000000000000000e+00 9.000000000000003553e-01 9.000000000000003553e-01 5.000000000000000000e-01 5.000000000000000000e-01 5.000000000000000000e-01
8.921934625448006972e-01 8.547038714668796500e-01 9.064615323295414917e-02 8.645575968699512059e-02 9.703663341778033524e-02 0.000000000000000000e+00 0.000000000000000000e+00 0.000000000000000000e+00 0.000000000000000000e+00 0.000000000000000000e+00 9.000000000000003553e-01 9.000000000000003553e-01 5.000000000000000000e-01 5.000000000000000000e-01 5.000000000000000000e-01
8.934403454122432642e-01 8.562074608396943454e-01 9.222502755616833470e-02 8.728029830216835205e-02 9.741851187238494136e-02 0.000000000000000000e+00 0.000000000000000000e+00 0.000000000000000000e+00 0.000000000000000000e+00 0.000000000000000000e+00 9.000000000000003553e-01 9.000000000000003553e-01 5.000000000000000000e-01 5.000000000000000000e-01 5.000000000000000000e-01
8.944516303563819770e-01 8.579566412862340563e-01 9.141095037310455196e-02 8.903730056623157529e-02 9.812110864049378156e-02 0.000000000000000000e+00 0.000000000000000000e+00 0.000000000000000000e+00 0.000000000000000000e+00 0.000000000000000000e+00 9.000000000000003553e-01 9.000000000000003553e-01 5.000000000000000000e-01 5.000000000000000000e-01 5.000000000000000000e-01
8.950445080704093614e-01 8.590479806529279783e-01 9.101110565719147671e-02 8.600240383137336408e-02 9.870133557353159837e-02 0.000000000000000000e+00 0.000000000000000000e+00 0.000000000000000000e+00 0.000000000000000000e+00 0.000000000000000000e+00 9.000000000000003553e-01 9.000000000000003553e-01 5.000000000000000000e-01 5.000000000000000000e-01 5.000000000000000000e-01
8.943474928289544268e-01 8.604055392474017072e-01 9.011279842331680612e-02 8.907402848300240150e-02 1.007536079814859709e-01 0.000000000000000000e+00 0.000000000000000000e+00 0.000000000000000000e+00 0.000000000000000000e+00 0.000000000000000000e+00 9.000000000000003553e-01 9.000000000000003553e-01 5.000000000000000000e-01 5.000000000000000000e-01 5.000000000000000000e-01
8.942732903714792903e-01 8.603407688549035148e-01 9.125936253999290815e-02 8.835193514197145492e-02 9.961999605763879884e-02 0.000000000000000000e+00 0.000000000000000000e+00 0.000000000000000000e+00 0.000000000000000000e+00 0.000000000000000000e+00 9.000000000000003553e-01 9.000000000000003553e-01 5.000000000000000000e-01 5.000000000000000000e-01 5.000000000000000000e-01
8.951209106388841041e-01 8.616507703325523293e-01 9.193739633754288709e-02 8.878970668307159531e-02 1.015677557645533330e-01 0.000000000000000000e+00 0.000000000000000000e+00 0.000000000000000000e+00 0.000000000000000000e+00 0.000000000000000000e+00 9.000000000000003553e-01 9.000000000000003553e-01 5.000000000000000000e-01 5.000000000000000000e-01 5.000000000000000000e-01
8.953924845655528708e-01 8.626996167482015032e-01 9.193457964007403782e-02 8.759669805188803615e-02 1.002077937585633544e-01 0.000000000000000000e+00 0.000000000000000000e+00 0.000000000000000000e+00 0.000000000000000000e+00 0.000000000000000000e+00 9.000000000000003553e-01 9.000000000000003553e-01 5.000000000000000000e-01 5.000000000000000000e-01 5.000000000000000000e-01
8.963246500978524489e-01 8.641551299416417864e-01 9.041126307606157930e-02 8.774774817742926614e-02 1.015858009166325376e-01 0.000000000000000000e+00 0.000000000000000000e+00 0.000000000000000000e+00 0.000000000000000000e+00 0.000000000000000000e+00 9.000000000000003553e-01 9.000000000000003553e-01 5.000000000000000000e-01 5.000000000000000000e-01 5.000000000000000000e-01
8.966907711107751089e-01 8.648447849377847163e-01 9.105978286496274610e-02 8.870098444049726027e-02 1.001216186807970254e-01 0.000000000000000000e+00 0.000000000000000000e+00 0.000000000000000000e+00 0.000000000000000000e+00 0.000000000000000000e+00 9.000000000000003553e-01 9.000000000000003553e-01 5.000000000000000000e-01 5.000000000000000000e-01 5.000000000000000000e-01
8.975795492332383496e-01 8.655713568364638011e-01 9.093446812391098311e-02 8.718873876138222290e-02 1.000006153247260110e-01 0.000000000000000000e+00 0.000000000000000000e+00 0.000000000000000000e+00 0.000000000000000000e+00 0.000000000000000000e+00 9.000000000000003553e-01 9.000000000000003553e-01 5.000000000000000000e-01 5.000000000000000000e-01 5.000000000000000000e-01
8.980713477255403143e-01 8.667150973686400528e-01 9.191965786868819266e-02 8.901708651203345257e-02 1.005287736358089073e-01 0.000000000000000000e+00 0.000000000000000000e+00 0.000000000000000000e+00 0.000000000000000000e+00 0.000000000000000000e+00 9.000000000000003553e-01 9.000000000000003553e-01 5.000000000000000000e-01 5.000000000000000000e-01 5.000000000000000000e-01
8.984620646523788778e-01 8.676851567041439228e-01 9.084737501216572086e-02 9.054998041166481548e-02 1.024597465545071390e-01 0.000000000000000000e+00 0.000000000000000000e+00 0.000000000000000000e+00 0.000000000000000000e+00 0.000000000000000000e+00 9.000000000000003553e-01 9.000000000000003553e-01 5.000000000000000000e-01 5.000000000000000000e-01 5.000000000000000000e-01
8.983094399778951411e-01 8.674493356204507899e-01 9.099385060453933638e-02 9.054216493121984566e-02 1.014518766455433096e-01 0.000000000000000000e+00 0.000000000000000000e+00 0.000000000000000000e+00 0.000000000000000000e+00 0.000000000000000000e+00 9.000000000000003553e-01 9.000000000000003553e-01 5.000000000000000000e-01 5.000000000000000000e-01 5.000000000000000000e-01
8.986600702231362092e-01 8.683366226137938515e-01 9.047164555715658807e-02 8.974880944956341311e-02 1.027369478709275613e-01 0.000000000000000000e+00 0.000000000000000000e+00 0.000000000000000000e+00 0.000000000000000000e+00 0.000000000000000000e+00 9.000000000000003553e-01 9.000000000000003553e-01 5.000000000000000000e-01 5.000000000000000000e-01 5.000000000000000000e-01
8.988899157237731918e-01 8.687353944194627919e-01 9.203351148950930649e-02 8.944554952569326589e-02 1.006360133684637004e-01 0.000000000000000000e+00 0.000000000000000000e+00 0.000000000000000000e+00 0.000000000000000000e+00 0.000000000000000000e+00 9.000000000000003553e-01 9.000000000000003553e-01 5.000000000000000000e-01 5.000000000000000000e-01 5.000000000000000000e-01
8.993880240593904452e-01 8.701920748044418286e-01 9.151532403583118036e-02 8.913911584460189330e-02 1.019115735400813461e-01 0.000000000000000000e+00 0.000000000000000000e+00 0.000000000000000000e+00 0.000000000000000000e+00 0.000000000000000000e+00 9.000000000000003553e-01 9.000000000000003553e-01 5.000000000000000000e-01 5.000000000000000000e-01 5.000000000000000000e-01
8.995347167393987764e-01 8.711201009699819364e-01 9.247639890028309939e-02 8.912108589291625749e-02 1.010689239237679421e-01 0.000000000000000000e+00 0.000000000000000000e+00 0.000000000000000000e+00 0.000000000000000000e+00 0.000000000000000000e+00 9.000000000000003553e-01 9.000000000000003553e-01 5.000000000000000000e-01 5.000000000000000000e-01 5.000000000000000000e-01
8.998059317056390505e-01 8.720580202964376415e-01 9.132142530121113710e-02 8.947582185909057351e-02 1.009944612594662061e-01 0.000000000000000000e+00 0.000000000000000000e+00 0.000000000000000000e+00 0.000000000000000000e+00 0.000000000000000000e+00 9.000000000000003553e-01 9.000000000000003553e-01 5.000000000000000000e-01 5.000000000000000000e-01 5.000000000000000000e-01
9.002546027099953552e-01 8.725633072147900293e-01 9.137786232831404676e-02 9.076836829860539246e-02 1.013213829557810391e-01 1.000000000000000000e+00 0.000000000000000000e+00 0.000000000000000000e+00 0.000000000000000000e+00 0.000000000000000000e+00 9.500000000000003997e-01 9.000000000000003553e-01 5.000000000000000000e-01 5.000000000000000000e-01 5.000000000000000000e-01
8.971434171259730084e-01 8.735095575561697689e-01 9.026558671206821871e-02 9.129566545575511227e-02 1.009297659494528404e-01 0.000000000000000000e+00 0.000000000000000000e+00 0.000000000000000000e+00 0.000000000000000000e+00 0.000000000000000000e+00 9.500000000000003997e-01 9.000000000000003553e-01 5.000000000000000000e-01 5.000000000000000000e-01 5.000000000000000000e-01
8.979602629135234881e-01 8.745658365381339117e-01 9.214807087822249332e-02 9.109470703057361007e-02 1.017422028884234220e-01 0.000000000000000000e+00 0.000000000000000000e+00 0.000000000000000000e+00 0.000000000000000000e+00 0.000000000000000000e+00 9.500000000000003997e-01 9.000000000000003553e-01 5.000000000000000000e-01 5.000000000000000000e-01 5.000000000000000000e-01
8.980502359907610588e-01 8.754792365908143914e-01 9.233299666778879700e-02 9.102334749466468866e-02 1.015760541599556588e-01 0.000000000000000000e+00 0.000000000000000000e+00 0.000000000000000000e+00 0.000000000000000000e+00 0.000000000000000000e+00 9.500000000000003997e-01 9.000000000000003553e-01 5.000000000000000000e-01 5.000000000000000000e-01 5.000000000000000000e-01
8.986391444277335161e-01 8.761992165482703765e-01 9.154443137802861785e-02 8.966781053464754903e-02 9.933463079745374902e-02 0.000000000000000000e+00 0.000000000000000000e+00 0.000000000000000000e+00 0.000000000000000000e+00 0.000000000000000000e+00 9.500000000000003997e-01 9.000000000000003553e-01 5.000000000000000000e-01 5.000000000000000000e-01 5.000000000000000000e-01
8.983643693678284858e-01 8.768138841588125620e-01 9.245940227322579918e-02 8.936077490450612670e-02 1.025453601023254835e-01 0.000000000000000000e+00 0.000000000000000000e+00 0.000000000000000000e+00 0.000000000000000000e+00 0.000000000000000000e+00 9.500000000000003997e-01 9.000000000000003553e-01 5.000000000000000000e-01 5.000000000000000000e-01 5.000000000000000000e-01
8.992219621109270866e-01 8.775693533313682071e-01 9.294499558652048743e-02 8.892997276741762547e-02 1.024575546199601728e-01 0.000000000000000000e+00 0.000000000000000000e+00 0.000000000000000000e+00 0.000000000000000000e+00 0.000000000000000000e+00 9.500000000000003997e-01 9.000000000000003553e-01 5.000000000000000000e-01 5.000000000000000000e-01 5.000000000000000000e-01
8.994619898021771753e-01 8.784967398299824426e-01 9.129529609026683368e-02 8.959925803659148091e-02 1.011121617141231832e-01 0.000000000000000000e+00 0.000000000000000000e+00 0.000000000000000000e+00 0.000000000000000000e+00 0.000000000000000000e+00 9.500000000000003997e-01 9.000000000000003553e-01 5.000000000000000000e-01 5.000000000000000000e-01 5.000000000000000000e-01
9.000729302477601390e-01 8.794673399669253877e-01 9.298211734286955521e-02 8.907147653454144942e-02 1.027872774909635578e-01 0.000000000000000000e+00 0.000000000000000000e+00 0.000000000000000000e+00 0.000000000000000000e+00 0.000000000000000000e+00 9.500000000000003997e-01 9.000000000000003553e-01 5.000000000000000000e-01 5.000000000000000000e-01 5.000000000000000000e-01
9.002828819779326031e-01 8.797634949407864280e-01 9.346755393034157644e-02 9.012438747092095526e-02 1.024161104879266898e-01 0.000000000000000000e+00 0.000000000000000000e+00 0.000000000000000000e+00 0.000000000000000000e+00 0.000000000000000000e+00 9.500000000000003997e-01 9.000000000000003553e-01 5.000000000000000000e-01 5.000000000000000000e-01 5.000000000000000000e-01
9.010214398253140189e-01 8.806643392971015283e-01 9.326692469459581247e-02 9.112211179964355146e-02 1.035685405621459276e-01 0.000000000000000000e+00 0.000000000000000000e+00 0.000000000000000000e+00 0.000000000000000000e+00 0.000000000000000000e+00 9.500000000000003997e-01 9.000000000000003553e-01 5.000000000000000000e-01 5.000000000000000000e-01 5.000000000000000000e-01
9.010381977991818170e-01 8.815765480067319082e-01 9.398870996023390989e-02 9.122920931456622584e-02 1.017195098723657209e-01 0.000000000000000000e+00 0.000000000000000000e+00 0.000000000000000000e+00 0.000000000000000000e+00 0.000000000000000000e+00 9.500000000000003997e-01 9.000000000000003553e-01 5.000000000000000000e-01 5.000000000000000000e-01 5.000000000000000000e-01
9.008839475982362011e-01 8.820377823462741684e-01 9.299775732873337419e-02 9.167977176271836781e-02 1.021313696464104664e-01 0.000000000000000000e+00 0.000000000000000000e+00 0.000000000000000000e+00 0.000000000000000000e+00 0.000000000000000000e+00 9.500000000000003997e-01 9.000000000000003553e-01 5.000000000000000000e-01 5.000000000000000000e-01 5.000000000000000000e-01
9.019771990107378068e-01 8.830966748454806003e-01 9.098982744893477359e-02 9.341585274095276503e-02 1.015594343342407224e-01 0.000000000000000000e+00 0.000000000000000000e+00 0.000000000000000000e+00 0.000000000000000000e+00 0.000000000000000000e+00 9.500000000000003997e-01 9.000000000000003553e-01 5.000000000000000000e-01 5.000000000000000000e-01 5.000000000000000000e-01
9.017480441140928171e-01 8.837289607163054672e-01 9.244421431323089633e-02 9.293541814484734820e-02 1.011096334126057872e-01 0.000000000000000000e+00 0.000000000000000000e+00 0.000000000000000000e+00 0.000000000000000000e+00 0.000000000000000000e+00 9.500000000000003997e-01 9.000000000000003553e-01 5.000000000000000000e-01 5.000000000000000000e-01 5.000000000000000000e-01
9.027266594077696382e-01 8.851104804914146085e-01 9.205128908264653687e-02 9.425197271003331323e-02 1.008167196312176328e-01 0.000000000000000000e+00 0.000000000000000000e+00 0.000000000000000000e+00 0.000000000000000000e+00 0.000000000000000000e+00 9.500000000000003997e-01 9.000000000000003553e-01 5.000000000000000000e-01 5.000000000000000000e-01 5.000000000000000000e-01
9.032096732157338659e-01 8.854867144472133855e-01 9.219307455717458410e-02 9.412178897443071457e-02 1.008843842020590714e-01 0.000000000000000000e+00 0.000000000000000000e+00 0.000000000000000000e+00 0.000000000000000000e+00 0.000000000000000000e+00 9.500000000000003997e-01 9.000000000000003553e-01 5.000000000000000000e-01 5.000000000000000000e-01 5.000000000000000000e-01
9.037338603359316158e-01 8.863911927505554456e-01 9.334443165788711139e-02 9.472566143818018924e-02 1.000779924489085260e-01 0.000000000000000000e+00 0.000000000000000000e+00 0.000000000000000000e+00 0.000000000000000000e+00 0.000000000000000000e+00 9.500000000000003997e-01 9.000000000000003553e-01 5.000000000000000000e-01 5.000000000000000000e-01 5.000000000000000000e-01
9.041406580600113152e-01 8.870583783630978658e-01 9.245269083193093096e-02 9.531732097776546286e-02 1.002841994104651524e-01 0.000000000000000000e+00 0.000000000000000000e+00 0.000000000000000000e+00 0.000000000000000000e+00 0.000000000000000000e+00 9.500000000000003997e-01 9.000000000000003553e-01 5.000000000000000000e-01 5.000000000000000000e-01 5.000000000000000000e-01
9.043829725464012093e-01 8.876613950671989883e-01 9.347689032718894953e-02 9.754887061356035116e-02 1.000048523721957378e-01 0.000000000000000000e+00 0.000000000000000000e+00 0.000000000000000000e+00 0.000000000000000000e+00 0.000000000000000000e+00 9.500000000000003997e-01 9.000000000000003553e-01 5.000000000000000000e-01 5.000000000000000000e-01 5.000000000000000000e-01
9.048021291116277176e-01 8.883920768765808385e-01 9.430676233225994409e-02 9.735648861616021110e-02 9.956097531851312854e-02 0.000000000000000000e+00 0.000000000000000000e+00 0.000000000000000000e+00 0.000000000000000000e+00 0.000000000000000000e+00 9.500000000000003997e-01 9.000000000000003553e-01 5.000000000000000000e-01 5.000000000000000000e-01 5.000000000000000000e-01
9.050293012457305553e-01 8.887773051779146449e-01 9.440165621517290773e-02 9.622225597368756767e-02 9.947594972018215798e-02 0.000000000000000000e+00 0.000000000000000000e+00 0.000000000000000000e+00 0.000000000000000000e+00 0.000000000000000000e+00 9.500000000000003997e-01 9.000000000000003553e-01 5.000000000000000000e-01 5.000000000000000000e-01 5.000000000000000000e-01
9.054455457696148901e-01 8.894489778133892743e-01 9.305522168197122301e-02 9.697844242691887329e-02 9.922942599817639875e-02 0.000000000000000000e+00 0.000000000000000000e+00 0.000000000000000000e+00 0.000000000000000000e+00 0.000000000000000000e+00 9.500000000000003997e-01 9.000000000000003553e-01 5.000000000000000000e-01 5.000000000000000000e-01 5.000000000000000000e-01
9.061963332602939181e-01 8.906816862668158752e-01 9.424700942423286376e-02 9.619598025483090675e-02 9.883647193443828582e-02 0.000000000000000000e+00 0.000000000000000000e+00 0.000000000000000000e+00 0.000000000000000000e+00 0.000000000000000000e+00 9.500000000000003997e-01 9.000000000000003553e-01 5.000000000000000000e-01 5.000000000000000000e-01 5.000000000000000000e-01
9.064927226983254815e-01 8.909385783338890086e-01 9.435594849364573045e-02 9.780632837924693734e-02 9.753674348819131590e-02 0.000000000000000000e+00 0.000000000000000000e+00 0.000000000000000000e+00 0.000000000000000000e+00 0.000000000000000000e+00 9.500000000000003997e-01 9.000000000000003553e-01 5.000000000000000000e-01 5.000000000000000000e-01 5.000000000000000000e-01
9.066475907217304009e-01 8.916311447602112139e-01 9.578786047386285418e-02 9.614838748531834289e-02 9.816480732382312779e-02 0.000000000000000000e+00 0.000000000000000000e+00 0.000000000000000000e+00 0.000000000000000000e+00 0.000000000000000000e+00 9.500000000000003997e-01 9.000000000000003553e-01 5.000000000000000000e-01 5.000000000000000000e-01 5.000000000000000000e-01
9.068349576987175809e-01 8.918058093827824218e-01 9.494142406638354792e-02 9.734585456737360198e-02 9.759474640776509557e-02 0.000000000000000000e+00 0.000000000000000000e+00 0.000000000000000000e+00 0.000000000000000000e+00 0.000000000000000000e+00 9.500000000000003997e-01 9.000000000000003553e-01 5.000000000000000000e-01 5.000000000000000000e-01 5.000000000000000000e-01
9.067990112016114379e-01 8.928905920102606641e-01 9.475096733924306958e-02 9.639073782030850579e-02 9.665877136005721071e-02 0.000000000000000000e+00 0.000000000000000000e+00 0.000000000000000000e+00 0.000000000000000000e+00 0.000000000000000000e+00 9.500000000000003997e-01 9.000000000000003553e-01 5.000000000000000000e-01 5.000000000000000000e-01 5.000000000000000000e-01
9.069002209016361338e-01 8.931402162265976719e-01 9.554389472877013179e-02 9.566201988846172177e-02 9.663848516124509680e-02 0.000000000000000000e+00 0.000000000000000000e+00 0.000000000000000000e+00 0.000000000000000000e+00 0.000000000000000000e+00 9.500000000000003997e-01 9.000000000000003553e-01 5.000000000000000000e-01 5.000000000000000000e-01 5.000000000000000000e-01
9.075467041286173764e-01 8.936900958090063796e-01 9.509746128245087637e-02 9.701199678579941477e-02 9.561348758205659437e-02 0.000000000000000000e+00 0.000000000000000000e+00 0.000000000000000000e+00 0.000000000000000000e+00 0.000000000000000000e+00 9.500000000000003997e-01 9.000000000000003553e-01 5.000000000000000000e-01 5.000000000000000000e-01 5.000000000000000000e-01
9.072809997251181091e-01 8.944262857169238412e-01 9.473295867345689347e-02 9.734827680182675524e-02 9.600877504623768488e-02 0.000000000000000000e+00 0.000000000000000000e+00 0.000000000000000000e+00 0.000000000000000000e+00 0.000000000000000000e+00 9.500000000000003997e-01 9.000000000000003553e-01 5.000000000000000000e-01 5.000000000000000000e-01 5.000000000000000000e-01
9.068969686754375648e-01 8.947028868673667645e-01 9.445383372830512547e-02 9.840195909907745175e-02 9.693245255149644801e-02 0.000000000000000000e+00 0.000000000000000000e+00 0.000000000000000000e+00 0.000000000000000000e+00 0.000000000000000000e+00 9.500000000000003997e-01 9.000000000000003553e-01 5.000000000000000000e-01 5.000000000000000000e-01 5.000000000000000000e-01
9.077957959253994957e-01 8.953255538613269504e-01 9.566324684864169203e-02 9.911493855643788153e-02 9.639551976569003811e-02 0.000000000000000000e+00 0.000000000000000000e+00 0.000000000000000000e+00 0.000000000000000000e+00 0.000000000000000000e+00 9.500000000000003997e-01 9.000000000000003553e-01 5.000000000000000000e-01 5.000000000000000000e-01 5.000000000000000000e-01
9.078320339401078076e-01 8.956140700508774533e-01 9.266100350032750732e-02 9.757128493329171592e-02 9.651134588622620192e-02 0.000000000000000000e+00 0.000000000000000000e+00 0.000000000000000000e+00 0.000000000000000000e+00 0.000000000000000000e+00 9.500000000000003997e-01 9.000000000000003553e-01 5.000000000000000000e-01 5.000000000000000000e-01 5.000000000000000000e-01
9.076416777425895255e-01 8.958541745903479958e-01 9.167380617952902710e-02 9.966409757103621148e-02 9.441439837918505495e-02 0.000000000000000000e+00 0.000000000000000000e+00 0.000000000000000000e+00 0.000000000000000000e+00 0.000000000000000000e+00 9.500000000000003997e-01 9.000000000000003553e-01 5.000000000000000000e-01 5.000000000000000000e-01 5.000000000000000000e-01
9.079077411201339487e-01 8.964607176648974329e-01 9.281567436173907004e-02 9.740181254512948750e-02 9.414030138424368810e-02 0.000000000000000000e+00 0.000000000000000000e+00 0.000000000000000000e+00 0.000000000000000000e+00 0.000000000000000000e+00 9.500000000000003997e-01 9.000000000000003553e-01 5.000000000000000000e-01 5.000000000000000000e-01 5.000000000000000000e-01
9.077719946593901801e-01 8.964747131407997394e-01 9.125012457105745323e-02 9.850741446846296434e-02 9.623368880376871604e-02 0.000000000000000000e+00 0.000000000000000000e+00 0.000000000000000000e+00 0.000000000000000000e+00 0.000000000000000000e+00 9.500000000000003997e-01 9.000000000000003553e-01 5.000000000000000000e-01 5.000000000000000000e-01 5.000000000000000000e-01
9.080583818889788050e-01 8.968472933050682938e-01 9.095576984095955775e-02 9.812078826296403988e-02 9.706905914487656828e-02 0.000000000000000000e+00 0.000000000000000000e+00 0.000000000000000000e+00 0.000000000000000000e+00 0.000000000000000000e+00 9.500000000000003997e-01 9.000000000000003553e-01 5.000000000000000000e-01 5.000000000000000000e-01 5.000000000000000000e-01
9.082866001772086362e-01 8.971134905921153146e-01 9.079172917310873725e-02 9.888756332653216019e-02 9.735678847498047128e-02 0.000000000000000000e+00 0.000000000000000000e+00 0.000000000000000000e+00 0.000000000000000000e+00 0.000000000000000000e+00 9.500000000000003997e-01 9.000000000000003553e-01 5.000000000000000000e-01 5.000000000000000000e-01 5.000000000000000000e-01
